#              F11        F22        F33        F44        F12        F34
   0.00   180.3983   180.3440   180.3440   180.2896     0.0000     0.0000
   4.86    87.7971    87.7363    87.7108    87.7065     0.2087     1.7386
   9.73    15.5732    15.5183    15.4246    15.4233     0.0515     0.8264
  14.59     6.0786     6.0273     5.9719     5.9682    -0.0879     0.1740
  19.46     2.9397     2.8965     2.8444     2.8416     0.0173     0.0791
  24.32     1.9006     1.8604     1.8115     1.8142    -0.0315    -0.0497
  29.19     1.6012     1.5626     1.5183     1.5236    -0.0517    -0.0485
  34.05     1.0766     1.0375     0.9983     1.0032     0.0234    -0.0247
  38.92     0.8944     0.8539     0.8006     0.8070    -0.0071    -0.0717
  43.78     0.7960     0.7560     0.7051     0.7088     0.0070    -0.0651
  48.65     0.6152     0.5732     0.5239     0.5319     0.0151    -0.0866
  53.51     0.5851     0.5402     0.4867     0.4978     0.0007    -0.0689
  58.38     0.4538     0.4086     0.3498     0.3572     0.0304    -0.0750
  63.24     0.4606     0.4142     0.3488     0.3603    -0.0070    -0.1216
  68.11     0.3863     0.3402     0.2894     0.3050     0.0171    -0.0631
  72.97     0.3735     0.3232     0.2528     0.2716     0.0116    -0.1110
  77.84     0.3407     0.2884     0.2314     0.2486     0.0130    -0.0756
  82.70     0.3105     0.2569     0.1778     0.1982     0.0251    -0.1028
  87.57     0.3130     0.2551     0.1826     0.2096    -0.0009    -0.1052
  92.43     0.2734     0.2174     0.1518     0.1763     0.0171    -0.0781
  97.30     0.2567     0.1935     0.1141     0.1455     0.0198    -0.0945
 102.16     0.2577     0.1891     0.1127     0.1499     0.0058    -0.0938
 107.03     0.2330     0.1622     0.0949     0.1368     0.0113    -0.0704
 111.89     0.2099     0.1347     0.0611     0.1089     0.0314    -0.0618
 116.76     0.2157     0.1360     0.0364     0.0872     0.0228    -0.0876
 121.62     0.2095     0.1244     0.0367     0.0950    -0.0078    -0.0763
 126.49     0.1989     0.1045     0.0221     0.0903     0.0105    -0.0437
 131.35     0.2016     0.1030    -0.0059     0.0672     0.0187    -0.0563
 136.22     0.2023     0.0924    -0.0147     0.0656     0.0039    -0.0502
 141.08     0.2149     0.1031    -0.0274     0.0545     0.0064    -0.0467
 145.95     0.2318     0.1121    -0.0526     0.0341     0.0035    -0.0514
 150.81     0.2510     0.1199    -0.0678     0.0261    -0.0038    -0.0471
 155.68     0.2936     0.1533    -0.0681     0.0284    -0.0048    -0.0539
 160.54     0.3502     0.1939    -0.0893     0.0189     0.0055    -0.0699
 165.41     0.4139     0.2509    -0.0921     0.0050     0.0053    -0.0656
 170.27     0.5143     0.3485    -0.1115    -0.0639     0.0276    -0.0248
 175.14     0.6557     0.4686    -0.4064    -0.3208     0.0239     0.0651
 180.00     0.9372     0.6596    -0.6596    -0.3821     0.0000     0.0000
