#List of 50 reffs (um) that the LMD-GCM uses in its look-up tables
0.00100000
0.00120679
0.00145635
0.00175751
0.00212095
0.00255955
0.00308884
0.00372759
0.00449843
0.00543868
0.00655129
0.00790604
0.00954096
0.01151400
0.01389500
0.01676830
0.02023590
0.02442050
0.02947050
0.03556480
0.04291930
0.05179480
0.06250550
0.07543120
0.09102980
0.10985400
0.13257100
0.15998600
0.19307000
0.23299500
0.28117700
0.33932200
0.40949200
0.49417200
0.59636300
0.71968600
0.86851200
1.04811000
1.26486000
1.52642000
1.84207000
2.22300000
2.68270000
3.23746000
3.90694000
4.71487000
5.68987000
6.86649000
8.28643000
10.0000000
