    0.61660258E+01     0.19189943E-02  
    0.70795448E+01     0.31708472E-01  
    0.81284050E+01     0.77447028E-01  
    0.93326577E+01     0.10806868E+00  
    0.10715325E+02     0.11461349E+00  
    0.12302839E+02     0.10068824E+00  
    0.14125549E+02     0.75484550E-01  
    0.16218300E+02     0.49177378E-01  
    0.18621100E+02     0.27942856E-01  
    0.21379884E+02     0.13814365E-01  
    0.24547391E+02     0.58819043E-02  
    0.28184176E+02     0.21148841E-02  
    0.32359764E+02     0.60991297E-03  
    0.37153980E+02     0.13413499E-03  
    0.42658477E+02     0.59335880E-05  
    0.48978485E+02     0.00000000E+00  
