0.010000
0.015000
0.020000
0.025000
0.030000
0.035000
0.040000
0.045000
0.050000
0.055000
0.060000
0.065000
0.070000
0.075000
0.080000
0.085000
0.090000
0.095000
0.100000
0.105000
0.110000
0.115000
0.120000
0.125000
0.130000
0.135000
0.140000
0.145000
0.150000
0.160000
0.170000
0.180000
0.190000
0.200000
0.210000
0.220000
0.230000
0.240000
0.250000
0.260000
0.270000
0.280000
0.290000
0.300000
0.320000
0.340000
0.360000
0.380000
0.400000
0.420000
0.440000
0.460000
0.480000
0.500000
0.520000
0.540000
0.560000
0.580000
0.600000
0.620000
0.640000
0.660000
0.680000
0.700000
0.720000
0.740000
0.760000
0.780000
0.800000
0.820000
0.840000
0.860000
0.880000
0.900000
0.920000
0.940000
0.960000
0.980000
1.000000
1.050000
1.100000
1.150000
1.200000
1.250000
1.300000
1.350000
1.400000
1.450000
1.500000
1.550000
1.600000
1.650000
1.700000
1.750000
1.800000
1.850000
1.900000
1.950000
2.000000
2.100000
2.200000
2.300000
2.400000
2.500000
2.600000
2.700000
2.800000
2.900000
3.000000
3.100000
3.200000
3.300000
3.400000
3.500000
3.600000
3.700000
3.800000
3.900000
4.000000
4.100000
4.200000
4.300000
4.400000
4.500000
4.600000
4.700000
4.800000
4.900000
5.000000
5.200000
5.400000
5.600000
5.800000
6.000000
6.200000
6.400000
6.600000
6.800000
7.000000
7.200000
7.400000
7.600000
7.800000
8.000000
8.200000
8.400000
8.600000
8.800000
9.000000
9.200000
9.400000
9.600000
9.800000
10.000000
10.500000
11.000000
11.500000
12.000000
12.500000
13.000000
13.500000
14.000000
14.500000
15.000000
15.500000
16.000000
16.500000
17.000000
17.500000
18.000000
18.500000
19.000000
19.500000
20.000000
21.000000
22.000000
23.000000
24.000000
25.000000
26.000000
27.000000
28.000000
29.000000
30.000000
32.000000
34.000000
36.000000
38.000000
40.000000
42.000000
44.000000
46.000000
48.000000
50.000000
60.000000
70.000000
80.000000
90.000000
100.000000
120.000000
140.000000
160.000000
200.000000
250.000000
300.000000
350.000000
400.000000
450.000000
500.000000
550.000000
600.000000
650.000000
700.000000
800.000000
900.000000
1000.00000
1200.00000
