5.500000E-00
5.907740E-00
6.315490E-00
6.723230E-00
7.130980E-00
7.538720E-00
7.946470E-00
8.354210E-00
8.761960E-00
9.169700E-00
9.577440E-00
9.985190E-00
1.039290E+01
1.080070E+01
1.120840E+01
1.161620E+01
1.202390E+01
1.243170E+01
1.283940E+01
1.788340E+01
1.903220E+01
2.018100E+01
2.132980E+01
2.247860E+01
2.362740E+01
2.477620E+01
2.592500E+01
2.707380E+01
2.822260E+01
2.937140E+01
3.052020E+01
3.166900E+01
3.281770E+01
3.396650E+01
3.511530E+01
3.626410E+01
3.741290E+01
3.856170E+01
3.971050E+01
4.085930E+01
4.200810E+01
4.315690E+01
4.430570E+01
4.545450E+01
4.761900E+01
5.066180E+01
5.370450E+01
5.674730E+01
5.979010E+01
6.233210E+01
7.138460E+01
8.043720E+01
8.948980E+01
9.854230E+01
