2.630000E-01
3.254290E-01
3.878570E-01
4.502860E-01
5.127140E-01
5.751430E-01
6.375710E-01
7.000000E-01
8.000000E-01
1.173330E-00
1.546670E-00
1.920000E-00
2.130000E-00
2.180610E-00
2.231210E-00
2.281820E-00
2.332420E-00
2.383030E-00
2.433640E-00
2.484240E-00
2.534850E-00
2.585450E-00
2.636060E-00
2.686670E-00
2.737270E-00
2.787880E-00
2.838480E-00
2.889090E-00
2.939700E-00
2.990300E-00
3.040910E-00
3.091520E-00
3.142120E-00
3.192730E-00
3.243330E-00
3.293940E-00
3.344550E-00
3.395150E-00
3.445760E-00
3.496360E-00
3.546970E-00
3.597580E-00
3.648180E-00
3.698790E-00
3.749390E-00
3.800000E-00
3.900000E-00
4.118920E-00
4.337840E-00
4.556760E-00
4.775680E-00
4.994600E-00
